<svg xmlns="http://www.w3.org/2000/svg" xmlns:xlink="http://www.w3.org/1999/xlink" preserveAspectRatio="xMidYMid" width="25.53" height="162.094" viewBox="0 0 25.53 162.094">
  <defs>
    <style>
      .cls-1 {
        fill: #000;
        fill-rule: evenodd;
      }
    </style>
  </defs>
  <path d="M22.694,5.660 C21.126,5.660 19.866,4.400 19.866,2.832 C19.866,1.264 21.126,0.004 22.694,0.004 C24.262,0.004 25.522,1.264 25.522,2.832 C25.522,4.400 24.262,5.660 22.694,5.660 ZM22.694,1.068 C21.714,1.068 20.930,1.852 20.930,2.832 C20.930,3.812 21.714,4.596 22.694,4.596 C23.674,4.596 24.458,3.812 24.458,2.832 C24.458,1.852 23.674,1.068 22.694,1.068 ZM20.482,7.312 C20.230,7.536 20.062,7.816 19.866,8.264 C18.522,11.820 16.562,14.984 14.378,17.448 C12.110,19.996 9.534,22.292 6.062,24.196 C5.726,24.420 5.362,24.420 5.110,24.140 C4.774,23.804 4.242,23.440 3.654,23.188 C7.938,21.060 10.346,18.960 12.698,16.272 C14.798,13.920 16.786,10.812 17.962,7.312 L7.238,7.312 C5.586,7.312 4.046,7.368 2.534,7.480 C2.198,7.508 2.086,7.396 2.030,7.032 C2.002,6.640 1.918,5.772 1.890,5.296 C3.626,5.464 5.194,5.520 7.266,5.520 L17.178,5.520 C17.990,5.520 18.270,5.436 18.578,5.268 C18.802,5.128 19.082,5.156 19.306,5.296 C19.782,5.632 20.230,6.052 20.566,6.444 C20.790,6.752 20.762,7.060 20.482,7.312 ZM6.034,148.796 C6.034,147.564 6.006,146.836 5.782,145.884 C6.762,145.968 7.630,146.136 8.106,146.304 C8.414,146.416 8.442,146.668 8.302,147.004 C8.134,147.396 8.050,148.068 8.022,149.188 C7.910,152.380 7.322,154.788 6.286,156.860 C5.278,158.960 3.934,160.444 2.282,161.844 C1.974,162.124 1.722,162.152 1.498,161.956 C1.078,161.620 0.602,161.424 0.014,161.256 C1.918,159.884 3.514,158.232 4.522,156.048 C5.446,154.088 6.034,151.820 6.034,148.796 ZM13.174,115.392 C12.950,115.812 12.866,116.848 12.866,118.640 L12.866,130.400 C12.866,132.108 12.894,133.788 12.950,135.524 C12.950,135.888 12.894,136.000 12.586,136.000 L11.158,136.000 C10.822,135.972 10.766,135.888 10.766,135.524 C10.794,133.816 10.850,132.108 10.850,130.428 L10.850,118.584 C10.850,116.708 10.822,115.476 10.542,114.272 C11.494,114.356 12.474,114.496 12.922,114.636 C13.342,114.776 13.342,115.056 13.174,115.392 ZM8.330,100.412 C8.134,100.524 7.910,100.468 7.798,100.328 C7.490,99.992 7.042,99.684 6.538,99.488 C11.270,96.884 14.994,93.832 17.934,90.248 C18.410,89.688 18.830,89.072 19.166,88.148 C19.810,88.456 20.566,88.988 20.930,89.352 C21.238,89.660 21.182,89.856 20.846,90.024 C20.566,90.164 20.146,90.528 19.642,91.116 C18.830,92.068 17.822,93.244 16.954,94.056 L16.954,101.896 C16.954,103.128 16.954,104.584 16.982,105.816 C17.010,106.068 16.926,106.152 16.674,106.152 C16.282,106.180 15.778,106.180 15.358,106.152 C15.134,106.152 15.050,106.068 15.050,105.816 C15.106,104.528 15.134,103.212 15.134,101.952 L15.134,95.540 C13.090,97.444 10.710,99.096 8.330,100.412 ZM21.378,62.088 C21.602,62.396 21.574,62.704 21.294,62.956 C21.042,63.180 20.874,63.460 20.678,63.908 C19.334,67.464 17.374,70.628 15.190,73.092 C12.922,75.640 10.346,77.936 6.874,79.840 C6.538,80.064 6.174,80.064 5.922,79.784 C5.586,79.448 5.054,79.084 4.466,78.832 C8.750,76.704 11.158,74.604 13.510,71.916 C15.610,69.564 17.598,66.456 18.774,62.956 L8.050,62.956 C6.398,62.956 4.858,63.012 3.346,63.124 C3.010,63.152 2.898,63.040 2.842,62.676 C2.814,62.284 2.730,61.416 2.702,60.940 C4.438,61.108 6.006,61.164 8.078,61.164 L17.990,61.164 C18.802,61.164 19.082,61.080 19.390,60.912 C19.614,60.772 19.894,60.800 20.118,60.940 C20.594,61.276 21.042,61.696 21.378,62.088 ZM20.118,49.564 C20.118,49.872 20.034,49.956 19.754,49.956 L18.298,49.956 C18.046,49.956 18.018,49.872 18.018,49.592 L18.018,47.940 L5.810,47.940 L5.810,49.844 C5.810,50.180 5.754,50.236 5.418,50.264 C5.054,50.264 4.494,50.292 4.102,50.264 C3.794,50.236 3.710,50.180 3.710,49.900 C3.794,48.136 3.822,46.288 3.822,43.908 L3.822,38.392 C3.822,36.908 3.822,35.424 3.766,33.912 C3.766,33.660 3.850,33.604 4.074,33.604 C5.502,33.660 7.014,33.660 8.582,33.660 L14.742,33.660 C16.422,33.660 18.242,33.660 19.698,33.604 C19.978,33.604 20.034,33.688 20.034,33.996 C20.006,35.424 19.978,36.908 19.978,38.420 L19.978,44.048 C19.978,46.204 20.062,48.136 20.118,49.564 ZM18.018,35.452 L5.782,35.452 L5.782,46.148 L18.018,46.148 L18.018,35.452 ZM11.690,144.148 C12.446,144.232 13.510,144.372 14.014,144.512 C14.434,144.652 14.350,144.932 14.182,145.324 C14.014,145.716 13.930,146.752 13.930,149.020 L13.930,159.016 C15.778,158.036 17.206,157.140 18.690,156.048 C20.314,154.900 21.994,153.360 23.646,151.372 C23.702,151.988 23.842,152.604 24.122,153.136 C24.234,153.388 24.262,153.556 23.954,153.864 C22.554,155.292 21.042,156.664 19.530,157.784 C18.018,158.876 16.450,159.912 14.686,160.920 C14.154,161.228 13.986,161.312 13.762,161.536 C13.510,161.760 13.230,161.760 13.006,161.564 C12.614,161.256 12.194,160.864 11.914,160.472 C11.746,160.220 11.802,160.024 11.858,159.772 C11.942,159.436 11.970,158.904 11.970,157.000 L11.970,149.048 C11.970,146.360 11.886,145.044 11.690,144.148 Z" class="cls-1"/>
</svg>
